0 14
0 53
1 77
2 9
2 52
3 14
3 20
3 30
3 39
3 53
3 60
3 64
3 66
3 67
3 69
4 9
4 38
4 66
5 16
5 24
5 25
5 37
5 46
6 36
7 31
8 50
9 28
9 52
9 70
9 76
10 48
10 60
11 14
11 68
11 76
12 25
12 64
13 42
14 15
14 20
14 64
14 66
14 67
14 76
15 20
15 39
15 47
15 64
16 24
16 37
16 67
16 74
16 76
17 49
18 53
19 45
20 26
20 33
20 39
20 64
20 69
20 72
21 75
22 33
23 62
24 37
24 47
24 62
24 74
25 47
25 55
26 27
28 70
29 51
32 81
33 39
33 48
33 72
34 80
35 62
35 74
37 47
37 62
37 74
37 82
38 47
38 66
39 47
39 60
40 68
40 76
41 73
43 68
44 55
45 56
47 74
50 71
50 79
52 78
53 69
54 57
54 74
57 59
57 74
57 76
58 77
59 65
61 63
63 71
66 67
66 75
68 70
68 76
70 76
74 76
77 81
