0 4
0 43
0 53
0 73
1 77
2 13
2 19
2 66
2 67
2 71
2 75
2 88
3 18
3 69
3 102
4 43
4 45
4 53
4 88
5 8
5 13
5 17
5 18
5 23
5 25
5 34
5 36
5 41
5 72
5 75
5 90
6 26
6 82
7 18
7 26
7 28
7 42
7 44
7 67
7 79
7 80
7 82
7 98
7 102
8 23
8 62
8 72
9 68
10 31
11 17
11 34
11 41
11 58
11 59
11 67
11 79
11 80
11 91
12 29
12 83
13 17
13 36
13 64
13 71
13 81
14 21
14 47
14 58
14 86
15 50
15 56
15 97
16 22
17 36
17 41
17 67
17 79
17 80
18 44
18 59
18 67
18 75
18 79
18 80
18 82
18 88
18 98
18 102
19 34
20 63
21 26
21 37
21 58
23 25
23 34
23 36
23 39
23 41
23 62
23 70
23 72
24 30
25 34
25 72
25 75
25 92
25 96
26 58
26 67
26 82
26 91
27 36
27 55
27 90
28 42
28 44
28 79
28 82
28 98
28 102
31 74
31 100
32 96
33 43
34 36
34 38
34 46
34 55
34 70
34 72
34 82
34 91
35 65
36 55
36 64
36 90
37 71
37 75
37 96
38 46
38 51
38 54
38 61
39 72
40 57
41 59
41 70
41 72
41 80
42 44
42 79
43 53
44 79
44 80
44 88
44 94
44 98
44 102
46 58
46 72
48 99
49 101
50 97
52 85
53 73
55 66
55 69
55 90
55 93
55 95
56 97
58 72
58 82
58 91
59 67
59 72
59 75
59 80
60 87
61 88
62 72
63 76
64 71
65 82
66 69
66 71
66 93
67 79
67 80
67 88
69 71
69 93
69 96
70 72
70 91
71 75
71 88
71 96
72 91
73 92
75 88
75 98
78 87
78 90
78 95
79 80
79 98
79 102
80 88
80 98
82 91
84 90
88 96
89 92
89 101
90 95
92 96
93 95
